VERTEX_SE3:QUAT 18 -0.651735 2.7003 1.72476 0.00401887 0.857477 -0.514206 -0.0175998 
VERTEX_SE3:QUAT 28 -0.586426 2.71656 1.71326 0.0102939 0.856271 -0.515712 -0.0271369 
VERTEX_SE3:QUAT 35 -0.555637 2.73436 1.70821 0.00712278 0.858217 -0.512302 -0.0309751 
VERTEX_SE3:QUAT 48 -0.513463 2.73435 1.72993 0.018516 0.854078 -0.518799 -0.032488 
VERTEX_SE3:QUAT 54 -0.472453 2.72899 1.72999 0.0343399 0.857927 -0.510564 -0.0459046 
VERTEX_SE3:QUAT 58 -0.424446 2.72339 1.7532 0.0407514 0.858811 -0.508891 -0.0425799 
VERTEX_SE3:QUAT 64 -0.360715 2.73125 1.69939 0.0459192 0.854306 -0.515391 -0.049244 
VERTEX_SE3:QUAT 69 -0.314983 2.72227 1.7351 0.0475093 0.85898 -0.508215 -0.040169 
VERTEX_SE3:QUAT 76 -0.242995 2.705 1.71581 0.0541412 0.859247 -0.505789 -0.0542307 
VERTEX_SE3:QUAT 80 -0.204876 2.71215 1.7204 0.0518732 0.857808 -0.507292 -0.0642645 
VERTEX_SE3:QUAT 83 -0.134623 2.71761 1.72738 0.0623749 0.853958 -0.513461 -0.0567757 
VERTEX_SE3:QUAT 87 -0.103848 2.75432 1.71977 0.0626658 0.84674 -0.525496 -0.0543838 
VERTEX_SE3:QUAT 90 -0.0508202 2.75901 1.73437 0.0617979 0.850014 -0.520332 -0.0539612 
VERTEX_SE3:QUAT 94 0.00702676 2.74923 1.7001 0.0662998 0.854114 -0.51043 -0.0745294 
VERTEX_SE3:QUAT 98 0.066715 2.76548 1.68705 0.0658905 0.856256 -0.507366 -0.0711569 
VERTEX_SE3:QUAT 102 0.109234 2.75783 1.65767 0.0665643 0.859054 -0.503963 -0.0601307 
VERTEX_SE3:QUAT 107 0.163013 2.72021 1.65306 0.0711997 0.860562 -0.500347 -0.0633731 
VERTEX_SE3:QUAT 111 0.219634 2.65104 1.63576 0.0740794 0.860185 -0.499665 -0.0702013 
VERTEX_SE3:QUAT 115 0.252925 2.59136 1.64934 0.0789316 0.856232 -0.506034 -0.0675697 
VERTEX_SE3:QUAT 118 0.261519 2.57057 1.6248 0.0833689 0.854782 -0.508516 -0.0617199 
VERTEX_SE3:QUAT 123 0.297803 2.49042 1.62326 0.0941547 0.856343 -0.503574 -0.0649952 
VERTEX_SE3:QUAT 127 0.302905 2.453 1.63679 0.10208 0.855822 -0.502287 -0.0696814 
VERTEX_SE3:QUAT 132 0.319672 2.39309 1.64096 0.108201 0.855855 -0.499165 -0.0814775 
VERTEX_SE3:QUAT 136 0.344076 2.34028 1.63268 0.115495 0.85442 -0.498534 -0.0899474 
VERTEX_SE3:QUAT 139 0.3564 2.28222 1.63656 0.126002 0.853506 -0.49593 -0.0985154 
VERTEX_SE3:QUAT 143 0.378807 2.23222 1.61997 0.138991 0.842785 -0.510576 -0.098524 
VERTEX_SE3:QUAT 146 0.397872 2.217 1.63908 0.148083 0.833782 -0.523754 -0.0925217 
VERTEX_SE3:QUAT 150 0.418319 2.15512 1.6502 0.16018 0.834329 -0.516606 -0.106565 
VERTEX_SE3:QUAT 155 0.434343 2.09366 1.63072 0.173009 0.833522 -0.511105 -0.118658 
VERTEX_SE3:QUAT 159 0.450781 2.04326 1.65781 0.181964 0.828492 -0.515273 -0.122407 
VERTEX_SE3:QUAT 163 0.442139 2.00207 1.64465 0.193904 0.822339 -0.519878 -0.126043 
VERTEX_SE3:QUAT 166 0.453801 1.98305 1.64723 0.202357 0.820163 -0.519393 -0.128898 
VERTEX_SE3:QUAT 170 0.465658 1.91218 1.65457 0.214496 0.819814 -0.512569 -0.138453 
VERTEX_SE3:QUAT 173 0.467601 1.8628 1.64209 0.225922 0.8198 -0.507849 -0.137755 
VERTEX_SE3:QUAT 176 0.48055 1.82513 1.65042 0.237017 0.820641 -0.503479 -0.129922 
VERTEX_SE3:QUAT 180 0.478561 1.77628 1.63409 0.248521 0.819565 -0.498332 -0.134966 
VERTEX_SE3:QUAT 183 0.483292 1.73174 1.64006 0.256628 0.820362 -0.48974 -0.145958 
VERTEX_SE3:QUAT 186 0.488968 1.6897 1.63938 0.267761 0.81838 -0.481791 -0.16259 
VERTEX_SE3:QUAT 189 0.500236 1.64741 1.61883 0.273289 0.80661 -0.490946 -0.183484 
VERTEX_SE3:QUAT 193 0.525692 1.61773 1.60031 0.285982 0.795479 -0.497898 -0.193712 
VERTEX_SE3:QUAT 198 0.550355 1.57134 1.57215 0.30385 0.788122 -0.49855 -0.194901 
VERTEX_SE3:QUAT 202 0.571144 1.51896 1.56036 0.313114 0.786486 -0.497383 -0.189761 
VERTEX_SE3:QUAT 207 0.597033 1.47289 1.54613 0.308541 0.780784 -0.506926 -0.195463 
VERTEX_SE3:QUAT 213 0.615453 1.43966 1.51689 0.304898 0.775764 -0.513469 -0.203906 
VERTEX_SE3:QUAT 219 0.636302 1.39897 1.50707 0.319452 0.773414 -0.512869 -0.191695 
VERTEX_SE3:QUAT 226 0.65937 1.36759 1.4846 0.325575 0.774718 -0.501922 -0.20466 
VERTEX_SE3:QUAT 232 0.701629 1.35147 1.4898 0.347511 0.770301 -0.495715 -0.200351 
VERTEX_SE3:QUAT 235 0.743662 1.33321 1.50712 0.355601 0.77193 -0.487686 -0.199583 
VERTEX_SE3:QUAT 240 0.790052 1.2891 1.50009 0.351236 0.765192 -0.497428 -0.208997 
VERTEX_SE3:QUAT 244 0.836595 1.27881 1.52696 0.343951 0.77441 -0.491355 -0.201386 
VERTEX_SE3:QUAT 250 0.893922 1.28242 1.54643 0.331017 0.775378 -0.496354 -0.207003 
VERTEX_SE3:QUAT 255 0.938877 1.25995 1.55651 0.330564 0.775349 -0.489219 -0.224112 
VERTEX_SE3:QUAT 259 0.97974 1.26073 1.58045 0.333318 0.776337 -0.485312 -0.225104 
VERTEX_SE3:QUAT 263 1.02661 1.26247 1.58165 0.339834 0.769477 -0.491575 -0.225325 
VERTEX_SE3:QUAT 268 1.09695 1.24327 1.58308 0.342948 0.763967 -0.494664 -0.232485 
VERTEX_SE3:QUAT 272 1.14491 1.23767 1.59875 0.348562 0.762977 -0.496631 -0.222999 
VERTEX_SE3:QUAT 278 1.21537 1.2312 1.58592 0.354172 0.759915 -0.497544 -0.22258 
VERTEX_SE3:QUAT 282 1.25603 1.22628 1.59474 0.357933 0.762283 -0.492624 -0.219386 
VERTEX_SE3:QUAT 287 1.29254 1.20106 1.58992 0.374302 0.755804 -0.491467 -0.21707 
VERTEX_SE3:QUAT 293 1.33372 1.16925 1.59759 0.38068 0.753167 -0.485179 -0.228961 
VERTEX_SE3:QUAT 298 1.35499 1.14293 1.60545 0.38788 0.748454 -0.485315 -0.232022 
VERTEX_SE3:QUAT 302 1.40395 1.11982 1.60051 0.400841 0.737681 -0.49047 -0.23365 
VERTEX_SE3:QUAT 307 1.42974 1.08431 1.59752 0.415851 0.735549 -0.482106 -0.231536 
VERTEX_SE3:QUAT 312 1.45514 1.05571 1.61439 0.43815 0.725033 -0.476742 -0.234668 
VERTEX_SE3:QUAT 316 1.46122 1.03236 1.63669 0.451298 0.718963 -0.467268 -0.247149 
VERTEX_SE3:QUAT 321 1.4831 1.00063 1.64707 0.463335 0.711188 -0.461435 -0.258089 
VERTEX_SE3:QUAT 326 1.50638 0.959187 1.64128 0.472948 0.703715 -0.457955 -0.267177 
VERTEX_SE3:QUAT 329 1.54237 0.936235 1.64539 0.473488 0.699677 -0.457936 -0.276688 
VERTEX_SE3:QUAT 333 1.58185 0.909233 1.64673 0.48362 0.691057 -0.458386 -0.280061 
VERTEX_SE3:QUAT 337 1.61217 0.871146 1.65642 0.497025 0.684311 -0.453108 -0.281743 
VERTEX_SE3:QUAT 342 1.65073 0.832639 1.6605 0.505011 0.6795 -0.449718 -0.284599 
VERTEX_SE3:QUAT 348 1.68788 0.78687 1.65941 0.511456 0.678005 -0.44241 -0.288089 
VERTEX_SE3:QUAT 353 1.71169 0.745171 1.66374 0.513943 0.67845 -0.435304 -0.293391 
VERTEX_SE3:QUAT 358 1.72535 0.681655 1.68396 0.529808 0.666266 -0.431056 -0.299304 
VERTEX_SE3:QUAT 362 1.74097 0.64237 1.6661 0.534437 0.658001 -0.43124 -0.308939 
VERTEX_SE3:QUAT 366 1.75183 0.602382 1.66456 0.547062 0.650617 -0.431341 -0.302269 
VERTEX_SE3:QUAT 369 1.74626 0.558252 1.67956 0.553964 0.657208 -0.416049 -0.296825 
VERTEX_SE3:QUAT 373 1.77531 0.50781 1.67394 0.557335 0.653401 -0.409728 -0.30752 
VERTEX_SE3:QUAT 378 1.77613 0.460167 1.67296 0.559361 0.649605 -0.402922 -0.320598 
VERTEX_SE3:QUAT 384 1.77909 0.420886 1.69404 0.569199 0.635922 -0.407901 -0.324397 
VERTEX_SE3:QUAT 389 1.79023 0.372687 1.70907 0.577254 0.623937 -0.407318 -0.334024 
VERTEX_SE3:QUAT 393 1.82221 0.300331 1.71376 0.584375 0.612354 -0.409347 -0.340535 
VERTEX_SE3:QUAT 398 1.83312 0.237524 1.74165 0.597561 0.611454 -0.396295 -0.334658 
VERTEX_SE3:QUAT 400 1.8866 0.186953 1.70488 0.599919 0.603493 -0.392029 -0.34958 
VERTEX_SE3:QUAT 404 1.88036 0.135578 1.71354 0.615884 0.597727 -0.377599 -0.347602 
VERTEX_SE3:QUAT 408 1.86773 0.114505 1.74003 0.628754 0.590033 -0.371977 -0.343748 
VERTEX_SE3:QUAT 412 1.87759 0.0773502 1.7278 0.633032 0.579451 -0.366661 -0.359258 
VERTEX_SE3:QUAT 417 1.87965 0.0398021 1.74388 0.642447 0.569706 -0.363164 -0.361674 
VERTEX_SE3:QUAT 423 1.86956 -0.0246979 1.72074 0.650163 0.560118 -0.366633 -0.359355 
VERTEX_SE3:QUAT 428 1.86062 -0.0464911 1.72553 0.660423 0.557375 -0.35901 -0.352542 
VERTEX_SE3:QUAT 436 1.85589 -0.103669 1.73195 0.672217 0.545284 -0.347754 -0.360357 
VERTEX_SE3:QUAT 443 1.85773 -0.126005 1.73548 0.67661 0.532741 -0.342686 -0.375436 
VERTEX_SE3:QUAT 449 1.87513 -0.172319 1.73571 0.688522 0.513009 -0.338781 -0.38469 
VERTEX_SE3:QUAT 456 1.88796 -0.225221 1.72951 0.694989 0.512347 -0.319063 -0.390756 
VERTEX_SE3:QUAT 460 1.88737 -0.253907 1.71625 0.707313 0.49905 -0.315904 -0.388411 
VERTEX_SE3:QUAT 465 1.89982 -0.315243 1.73127 0.710674 0.49186 -0.318218 -0.389555 
VERTEX_SE3:QUAT 469 1.9196 -0.364956 1.74746 0.709556 0.49116 -0.322093 -0.389292 
VERTEX_SE3:QUAT 474 1.89049 -0.419354 1.73873 0.711407 0.492912 -0.30422 -0.39798 
VERTEX_SE3:QUAT 478 1.87823 -0.461822 1.74805 0.714109 0.484383 -0.298439 -0.407866 
VERTEX_SE3:QUAT 482 1.87557 -0.491707 1.75109 0.714977 0.476093 -0.29833 -0.416104 
VERTEX_SE3:QUAT 486 1.86148 -0.542688 1.76823 0.712533 0.472376 -0.300125 -0.423182 
VERTEX_SE3:QUAT 489 1.8343 -0.586663 1.75764 0.717086 0.462064 -0.301577 -0.425835 
VERTEX_SE3:QUAT 493 1.80199 -0.631144 1.75572 0.723928 0.45304 -0.300637 -0.424618 
VERTEX_SE3:QUAT 498 1.77482 -0.697642 1.76219 0.727506 0.451721 -0.300816 -0.419752 
VERTEX_SE3:QUAT 502 1.74518 -0.749886 1.75677 0.722802 0.462409 -0.303016 -0.414628 
VERTEX_SE3:QUAT 506 1.72453 -0.8073 1.76358 0.719181 0.47537 -0.291124 -0.414787 
VERTEX_SE3:QUAT 511 1.70781 -0.863896 1.75168 0.718184 0.479046 -0.290516 -0.412706 
VERTEX_SE3:QUAT 516 1.69474 -0.929479 1.75039 0.722777 0.474955 -0.283866 -0.414043 
VERTEX_SE3:QUAT 520 1.67819 -0.984239 1.74501 0.730871 0.471559 -0.28144 -0.405279 
VERTEX_SE3:QUAT 525 1.64435 -1.02935 1.73853 0.740367 0.466496 -0.272303 -0.400111 
VERTEX_SE3:QUAT 528 1.65093 -1.06517 1.74395 0.743501 0.45017 -0.276225 -0.410186 
VERTEX_SE3:QUAT 534 1.62064 -1.09422 1.7398 0.755482 0.421527 -0.269073 -0.423274 
VERTEX_SE3:QUAT 538 1.58694 -1.11703 1.74529 0.767051 0.398349 -0.269549 -0.424611 
VERTEX_SE3:QUAT 542 1.55601 -1.13709 1.73745 0.772437 0.382573 -0.264543 -0.43243 
VERTEX_SE3:QUAT 545 1.52879 -1.13957 1.73999 0.783875 0.365612 -0.258395 -0.430233 
VERTEX_SE3:QUAT 548 1.48932 -1.16247 1.73847 0.800465 0.345539 -0.246153 -0.423399 
VERTEX_SE3:QUAT 552 1.44767 -1.18239 1.73204 0.813232 0.332953 -0.224673 -0.421091 
VERTEX_SE3:QUAT 556 1.41273 -1.17632 1.72478 0.824592 0.320713 -0.213323 -0.414348 
VERTEX_SE3:QUAT 561 1.3826 -1.17251 1.70891 0.830023 0.313059 -0.20576 -0.413181 
VERTEX_SE3:QUAT 566 1.33143 -1.18452 1.7102 0.831995 0.300815 -0.200334 -0.420905 
VERTEX_SE3:QUAT 570 1.28285 -1.19196 1.72285 0.839801 0.276459 -0.19133 -0.42626 
VERTEX_SE3:QUAT 574 1.24785 -1.20548 1.71319 0.839344 0.263947 -0.192445 -0.434509 
VERTEX_SE3:QUAT 579 1.19301 -1.21769 1.71513 0.842421 0.252842 -0.189615 -0.436399 
VERTEX_SE3:QUAT 582 1.12747 -1.21774 1.71847 0.848377 0.240332 -0.173664 -0.438564 
VERTEX_SE3:QUAT 586 1.08377 -1.22504 1.69603 0.849907 0.228179 -0.15507 -0.448937 
VERTEX_SE3:QUAT 589 1.07438 -1.22277 1.68234 0.852241 0.211574 -0.144147 -0.456226 
VERTEX_SE3:QUAT 592 1.05769 -1.20895 1.66716 0.855829 0.187765 -0.131019 -0.463827 
VERTEX_SE3:QUAT 595 0.998287 -1.18826 1.68268 0.860569 0.176873 -0.113357 -0.463991 
VERTEX_SE3:QUAT 599 0.963086 -1.19327 1.70968 0.866659 0.154105 -0.103049 -0.463179 
VERTEX_SE3:QUAT 603 0.921577 -1.1793 1.69276 0.868735 0.132509 -0.0955995 -0.467548 
VERTEX_SE3:QUAT 607 0.895402 -1.15576 1.6881 0.871046 0.119003 -0.094392 -0.467126 
VERTEX_SE3:QUAT 611 0.854111 -1.15836 1.68676 0.872212 0.10835 -0.0798237 -0.47025 
VERTEX_SE3:QUAT 615 0.823655 -1.13455 1.67837 0.879083 0.0918484 -0.0704275 -0.462403 
VERTEX_SE3:QUAT 620 0.78014 -1.1241 1.66326 0.883066 0.0772592 -0.0564868 -0.459385 
VERTEX_SE3:QUAT 625 0.739914 -1.10312 1.62572 0.886952 0.0732621 -0.0489769 -0.453377 
VERTEX_SE3:QUAT 629 0.705719 -1.10106 1.63078 0.887945 0.0763144 -0.0468049 -0.451154 
VERTEX_SE3:QUAT 634 0.678213 -1.10257 1.63555 0.883781 0.0954133 -0.0627191 -0.453756 
VERTEX_SE3:QUAT 638 0.61977 -1.09732 1.63976 0.885409 0.10288 -0.05023 -0.450492 
VERTEX_SE3:QUAT 642 0.595387 -1.07087 1.63182 0.884268 0.115941 -0.0574194 -0.448698 
VERTEX_SE3:QUAT 645 0.570074 -1.06039 1.63838 0.884237 0.127768 -0.0755451 -0.442824 
VERTEX_SE3:QUAT 649 0.549765 -1.04032 1.62627 0.87687 0.15561 -0.0935425 -0.445124 
VERTEX_SE3:QUAT 653 0.520099 -1.01777 1.6178 0.873018 0.17706 -0.105263 -0.442051 
VERTEX_SE3:QUAT 657 0.504279 -0.99278 1.59512 0.865117 0.201275 -0.120045 -0.443453 
VERTEX_SE3:QUAT 658 0.495806 -0.970948 1.60773 0.867596 0.210102 -0.125347 -0.432923 
VERTEX_SE3:QUAT 662 0.486981 -0.928363 1.58301 0.865721 0.214389 -0.146011 -0.428072 
VERTEX_SE3:QUAT 666 0.443044 -0.916217 1.56283 0.857888 0.232738 -0.156967 -0.430375 
VERTEX_SE3:QUAT 670 0.403578 -0.90251 1.56321 0.85418 0.254338 -0.161191 -0.423917 
VERTEX_SE3:QUAT 674 0.372135 -0.891718 1.55086 0.849088 0.279726 -0.164615 -0.416779 
VERTEX_SE3:QUAT 678 0.343628 -0.883082 1.55064 0.850015 0.29773 -0.168613 -0.4005 
VERTEX_SE3:QUAT 683 0.315535 -0.875601 1.525 0.847289 0.317449 -0.172862 -0.389161 
VERTEX_SE3:QUAT 689 0.292275 -0.878216 1.50846 0.842332 0.3337 -0.183372 -0.381439 
VERTEX_SE3:QUAT 696 0.268797 -0.888835 1.49619 0.833075 0.353538 -0.190682 -0.380313 
VERTEX_SE3:QUAT 702 0.246777 -0.901146 1.49387 0.825744 0.370552 -0.200482 -0.375027 
VERTEX_SE3:QUAT 708 0.231146 -0.893783 1.5031 0.820784 0.388854 -0.216314 -0.35821 
VERTEX_SE3:QUAT 714 0.217487 -0.905441 1.49144 0.805131 0.404291 -0.23743 -0.363235 
VERTEX_SE3:QUAT 720 0.205122 -0.914798 1.51266 0.794839 0.419971 -0.252147 -0.358157 
VERTEX_SE3:QUAT 726 0.18051 -0.93206 1.52002 0.781526 0.42605 -0.274255 -0.363982 
VERTEX_SE3:QUAT 733 0.168364 -0.948453 1.50177 0.764537 0.437271 -0.298629 -0.367556 
VERTEX_SE3:QUAT 743 0.124185 -1.00189 1.5309 0.765846 0.435094 -0.301295 -0.365232 
VERTEX_SE3:QUAT 749 0.111142 -1.03175 1.5639 0.772861 0.418641 -0.30702 -0.364917 
VERTEX_SE3:QUAT 754 0.10591 -1.07641 1.58619 0.782931 0.400225 -0.302735 -0.367682 
VERTEX_SE3:QUAT 758 0.0967665 -1.10771 1.59942 0.793978 0.384668 -0.296779 -0.365448 
VERTEX_SE3:QUAT 764 0.0782912 -1.16319 1.63393 0.797912 0.375817 -0.291185 -0.370553 
VERTEX_SE3:QUAT 769 0.0655584 -1.19225 1.64305 0.810141 0.35825 -0.283443 -0.367408 
VERTEX_SE3:QUAT 774 0.0430541 -1.22655 1.65994 0.81801 0.342249 -0.271793 -0.37397 
VERTEX_SE3:QUAT 778 0.0241706 -1.24932 1.68445 0.832682 0.31642 -0.269125 -0.366185 
VERTEX_SE3:QUAT 782 0.00614374 -1.27849 1.70353 0.842111 0.303058 -0.256298 -0.365125 
VERTEX_SE3:QUAT 786 -0.0208938 -1.29651 1.69001 0.85074 0.285227 -0.249018 -0.364523 
VERTEX_SE3:QUAT 790 -0.0481541 -1.32148 1.70787 0.860933 0.27172 -0.236246 -0.359375 
VERTEX_SE3:QUAT 794 -0.0685547 -1.35026 1.73031 0.868558 0.252566 -0.234452 -0.356159 
VERTEX_SE3:QUAT 799 -0.0906938 -1.3694 1.75362 0.876323 0.234668 -0.228219 -0.35342 
VERTEX_SE3:QUAT 805 -0.120173 -1.39665 1.77037 0.882608 0.218725 -0.214475 -0.356599 
VERTEX_SE3:QUAT 810 -0.152138 -1.41128 1.77689 0.887869 0.209352 -0.199394 -0.357915 
VERTEX_SE3:QUAT 814 -0.165046 -1.43191 1.76211 0.896387 0.184212 -0.185587 -0.357929 
VERTEX_SE3:QUAT 818 -0.203748 -1.44918 1.77339 0.907192 0.159867 -0.164561 -0.352655 
VERTEX_SE3:QUAT 825 -0.259376 -1.46816 1.77446 0.909758 0.153669 -0.152097 -0.35439 
VERTEX_SE3:QUAT 833 -0.325913 -1.46151 1.75456 0.907023 0.156828 -0.153635 -0.359318 
VERTEX_SE3:QUAT 840 -0.378111 -1.429 1.74651 0.911311 0.152073 -0.150564 -0.351733 
VERTEX_SE3:QUAT 845 -0.416262 -1.37794 1.74488 0.916488 0.140361 -0.146902 -0.344627 
VERTEX_SE3:QUAT 850 -0.42947 -1.34089 1.718 0.917636 0.12886 -0.145146 -0.346802 
VERTEX_SE3:QUAT 856 -0.449132 -1.29068 1.73101 0.923649 0.115897 -0.135014 -0.339428 
VERTEX_SE3:QUAT 861 -0.459529 -1.26021 1.71871 0.924229 0.0992268 -0.128783 -0.345498 
VERTEX_SE3:QUAT 870 -0.478829 -1.23202 1.7239 0.928562 0.0799623 -0.116064 -0.343376 
VERTEX_SE3:QUAT 877 -0.495512 -1.21331 1.71863 0.931631 0.0584213 -0.0953584 -0.34577 
VERTEX_SE3:QUAT 883 -0.510759 -1.1965 1.71223 0.934712 0.0382906 -0.0798514 -0.344197 
VERTEX_SE3:QUAT 889 -0.510068 -1.17453 1.69117 0.93791 0.0227758 -0.0691518 -0.339153 
VERTEX_SE3:QUAT 896 -0.511394 -1.13097 1.68368 0.942301 0.00841598 -0.0575312 -0.329679 
VERTEX_SE3:QUAT 901 -0.520233 -1.08782 1.65361 0.943774 0.0142606 -0.0535026 -0.325921 
VERTEX_SE3:QUAT 905 -0.529502 -1.06075 1.63523 0.944353 0.0293889 -0.0472311 -0.324195 
VERTEX_SE3:QUAT 909 -0.528916 -1.02052 1.61993 0.946206 0.0444876 -0.0463132 -0.317127 
VERTEX_SE3:QUAT 914 -0.545443 -0.983227 1.61667 0.946337 0.0661334 -0.0466373 -0.312886 
VERTEX_SE3:QUAT 918 -0.559477 -0.968272 1.60554 0.943242 0.0934622 -0.0502743 -0.314693 
VERTEX_SE3:QUAT 922 -0.567533 -0.951482 1.59105 0.936694 0.12352 -0.0540473 -0.323151 
VERTEX_SE3:QUAT 926 -0.576205 -0.943028 1.58406 0.931749 0.149262 -0.0603632 -0.325455 
VERTEX_SE3:QUAT 931 -0.589878 -0.943783 1.56871 0.927017 0.170296 -0.0844957 -0.323264 
VERTEX_SE3:QUAT 935 -0.603897 -0.951449 1.56256 0.922493 0.196724 -0.0936431 -0.31865 
VERTEX_SE3:QUAT 938 -0.609024 -0.951526 1.55515 0.918359 0.218597 -0.108307 -0.311612 
VERTEX_SE3:QUAT 941 -0.611775 -0.963316 1.54704 0.909015 0.242909 -0.122101 -0.315876 
VERTEX_SE3:QUAT 945 -0.62932 -0.958694 1.57357 0.900865 0.27228 -0.135901 -0.309576 
VERTEX_SE3:QUAT 950 -0.6545 -0.972367 1.56015 0.887187 0.295076 -0.151063 -0.32095 
VERTEX_SE3:QUAT 953 -0.681176 -0.977958 1.56265 0.880259 0.317976 -0.157875 -0.314819 
VERTEX_SE3:QUAT 956 -0.682527 -0.975238 1.55986 0.869217 0.344375 -0.170136 -0.311323 
VERTEX_SE3:QUAT 959 -0.71152 -0.982567 1.5508 0.861295 0.362166 -0.175995 -0.309891 
VERTEX_SE3:QUAT 962 -0.735445 -0.996886 1.53753 0.848766 0.381962 -0.188103 -0.313558 
VERTEX_SE3:QUAT 964 -0.75565 -1.0012 1.53548 0.834316 0.406368 -0.205147 -0.310962 
VERTEX_SE3:QUAT 967 -0.780834 -1.00567 1.52628 0.814913 0.434945 -0.220014 -0.313582 
VERTEX_SE3:QUAT 970 -0.802477 -1.02986 1.53085 0.800014 0.452112 -0.231974 -0.318999 
VERTEX_SE3:QUAT 973 -0.818449 -1.02894 1.5346 0.784791 0.466772 -0.251994 -0.320509 
VERTEX_SE3:QUAT 977 -0.846383 -1.04547 1.53899 0.770771 0.478791 -0.275562 -0.317391 
VERTEX_SE3:QUAT 981 -0.85891 -1.04054 1.52057 0.755891 0.492943 -0.303804 -0.305514 
VERTEX_SE3:QUAT 984 -0.872522 -1.04902 1.5155 0.748086 0.515476 -0.293902 -0.297107 
VERTEX_SE3:QUAT 988 -0.883372 -1.04108 1.51142 0.734879 0.538962 -0.301184 -0.280642 
VERTEX_SE3:QUAT 992 -0.904418 -1.04823 1.50417 0.715806 0.560096 -0.318539 -0.269161 
VERTEX_SE3:QUAT 995 -0.914044 -1.04492 1.51056 0.699504 0.579193 -0.332661 -0.254101 
VERTEX_SE3:QUAT 998 -0.921483 -1.0466 1.50327 0.678324 0.598217 -0.348961 -0.245438 
